translation:
  x: 0.030615430597738024
  y: 0.055455389702367234
  z: 0.03836689389700558
rotation:
  x: -0.003370136605665092
  y: -0.00316636506941248
  z: 0.9964932393740872
  w: 0.04354543789606443